basically, both movement & rotation limits at 0.975, not at 0.15 and 3.75


MOVEMENT:

x0.05
[-0.110 0.189 1.497]
[-0.110 0.187 1.497]

x0.1
[-0.110 0.189 1.497]
[-0.110 0.184 1.497]

x0.2
[-0.110 0.189 1.497]
[-0.110 0.180 1.499]

x0.25
a0.938
[-0.110 0.189 1.497]
[-0.110 0.178 1.500]

x0.26
a0.975
[-0.110 0.189 1.497]
[-0.110 0.177 1.500]

x0.3
[-0.110 0.189 1.497]
[-0.110 0.177 1.500]

x0.4
[-0.110 0.189 1.497]
[-0.110 0.177 1.500]

x0.5
[-0.110 0.189 1.497]
[-0.110 0.177 1.500]

x1
[-0.110 0.189 1.497]
[-0.110 0.177 1.500]

x2
[-0.110 0.189 1.497]
[-0.110 0.177 1.500]

x5
[-0.110 0.189 1.497]
[-0.110 0.177 1.500]




ROTATION:

x1
[-0.684 0.005 -0.005 0.729]
[-0.656 0.005 -0.005 0.755]

x5
[-0.684 0.005 -0.005 0.729]
[-0.536 0.006 -0.004 0.844]

x6
a0.900
[-0.684 0.005 -0.005 0.729]
[-0.504 0.006 -0.004 0.864]

x7
[-0.684 0.005 -0.005 0.729]
[-0.482 0.006 -0.003 0.876]

x10
[-0.684 0.005 -0.005 0.729]
[-0.482 0.006 -0.003 0.876]

x50
[-0.684 0.005 -0.005 0.729]
[-0.482 0.006 -0.003 0.876]
[-0.488 0.006 -0.003 0.873]
[-0.488 0.006 -0.003 0.873]
[-0.488 0.006 -0.003 0.873]
[-0.684 0.005 -0.005 0.729]
[-0.482 0.006 -0.003 0.876]



a0.965
[-0.684 0.005 -0.005 0.729]
[-0.490 0.006 -0.004 0.872]

a0.975
[-0.684 0.005 -0.005 0.729]
[-0.488 0.006 -0.003 0.873]

a0.985
[-0.684 0.005 -0.005 0.729]
[-0.486 0.006 -0.003 0.874]